13
169.05198669433594 3.4791107177734375 -143.64088439941406
115.81715393066406 5.586833953857422 -169.60125732421875
102.98466491699219 5.591434478759766 -119.58061218261719
142.84410095214844 1.5080833435058594 -165.88270568847656
-125.095703125 1.6005210876464844 -174.8722686767578
-163.13800048828125 5.683055877685547 -187.4969482421875
-126.50347900390625 5.670566558837891 -140.52308654785156
-161.97254943847656 5.682880401611328 -120.5977783203125
-108.19220733642578 5.664852142333984 38.47669982910156
131.75540161132812 0.06527328491210938 137.37442016601562
157.32281494140625 6.873394012451172 115.03775787353516
-121.86810302734375 5.669689178466797 73.25868225097656
-135.2310791015625 5.674221038818359 49.68437194824219
16
-124.3565902709961 -3.8329200744628906 -158.2963104248047
102.63471221923828 -3.911243438720703 -153.8855743408203
179.2369842529297 -3.937541961669922 -111.20564270019531
-144.25587463378906 -3.8261451721191406 -182.23318481445312
-119.57194519042969 -3.8337440490722656 89.47550964355469
-140.3611602783203 -3.8273048400878906 -127.52540588378906
-96.98748779296875 -5.258617401123047 64.65779113769531
-137.10574340820312 -3.827892303466797 28.819673538208008
181.8673858642578 -3.937641143798828 127.7387924194336
138.55001831054688 0.6105003356933594 158.2374267578125
-43.1248893737793 -3.8602867126464844 41.601898193359375
90.16998291015625 -3.9065399169921875 -32.95149230957031
145.59954833984375 -3.9251136779785156 129.1397247314453
-83.62818908691406 -3.84674072265625 -86.27677917480469
31.305971145629883 -3.8863487243652344 -68.84925842285156
112.5986099243164 -3.9141082763671875 17.38288688659668
6
-148.9801788330078 -0.3553581237792969 76.24610900878906
-156.6631317138672 9.12197494506836 -152.13560485839844
124.54544830322266 11.078689575195312 -122.52395629882812
0.10767984390258789 3.8483638763427734 -5.738630294799805
158.88050842285156 -4.327442169189453 148.57322692871094
147.2737274169922 1.5067939758300781 -93.56222534179688
