43
0 -18.406713485717773 0.0000017318292293566628 12.889581680297852 4 18 13 19 29
1 -12.181413650512695 0.0000029540977478027344 174.35415649414062 4 24 2 14 15
2 41.09514617919922 0.0000029540977478027344 166.8054962158203 5 1 4 5 8 14
3 164.3682403564453 0.0000029540977478027344 161.211669921875 2 5 6
4 108.994384765625 0.0000029540977478027344 140.56675720214844 4 8 2 5 7
5 108.99435424804688 0.0000029540977478027344 170.60000610351562 3 2 3 4
6 180.2190704345703 0.0000029540977478027344 138.68968200683594 2 3 7
7 145.18026733398438 0.0000029540977478027344 114.28768157958984 4 8 10 4 6
8 112.95709228515625 0.0000029540977478027344 95.51689910888672 6 2 4 7 10 11 14
9 44.860862731933594 0.0000029540977478027344 63.502296447753906 3 19 11 14
10 151.1243438720703 0.0000029540977478027344 49.841331481933594 4 8 11 12 7
11 89.80646514892578 0.0000029540977478027344 37.327476501464844 4 8 9 10 13
12 147.37017822265625 0.0000029540977478027344 -17.1077823638916 4 32 34 10 13
13 46.63368225097656 0.0000029540977478027344 -10.225156784057617 5 0 32 11 12 18
14 12.22059440612793 0.0000029540977478027344 97.08110809326172 5 1 2 8 9 24
15 -84.13605499267578 0.0000029540977478027344 148.7007598876953 4 16 1 24 41
16 -91.01866912841797 0.0000029540977478027344 98.01966857910156 4 40 24 29 15
17 -114.58313751220703 0.000002156799793243408 20.015701293945312 5 35 40 42 20 29
18 -6.532796859741211 0.0000029540977478027344 -39.00701141357422 4 0 13 20 21
19 -17.623737335205078 0.0000029540977478027344 27.316396713256836 3 0 9 24
20 -87.12548828125 0.0000029540977478027344 2.4277496337890625 5 35 17 18 23 29
21 -6.943234920501709 0.00000295409893989563 -81.56808471679688 6 32 18 22 23 27 28
22 38.673484802246094 0.0000029540977478027344 -128.6896514892578 3 25 27 21
23 -87.26451110839844 0.0000029540977478027344 -49.956634521484375 4 35 20 21 38
24 -39.120967864990234 0.0000029540977478027344 78.3104248046875 6 1 14 15 16 19 29
25 96.01127624511719 0.0000029540977478027344 -138.50953674316406 3 32 26 22
26 136.05877685546875 0.0000029540977478027344 -165.88365173339844 3 25 27 33
27 1.7228686809539795 0.0000029540977478027344 -165.44911193847656 5 21 22 26 28 31
28 -53.025238037109375 0.0000029540977478027344 -124.17073822021484 4 27 21 38 31
29 -86.63880920410156 0.0000029540977478027344 49.841346740722656 6 0 40 16 17 20 24
30 -129.2728271484375 0.0000029540977478027344 -165.37957763671875 3 36 37 31
31 -85.17888641357422 0.0000029540977478027344 -172.1579132080078 3 27 28 30
32 92.03115844726562 0.0000029540977478027344 -65.91180419921875 6 33 34 12 13 21 25
33 144.7428741455078 0.0000029540977478027344 -113.16897583007812 3 32 26 34
34 179.08935546875 0.0000029540977478027344 -69.66595458984375 3 32 33 12
35 -149.24285888671875 0.0000029540977478027344 -39.00701141357422 5 38 42 17 20 23
36 -160.12298583984375 0.0000029540977478027344 -174.50425720214844 2 30 39
37 -152.30181884765625 0.0000029540977478027344 -135.8329620361328 3 38 30 39
38 -125.36225128173828 0.0000029540977478027344 -83.6918716430664 4 35 28 37 23
39 -180.11038208007812 0.0000029540977478027344 -156.2548828125 2 36 37
40 -127.04812622070312 0.0000029540977478027344 60.704078674316406 5 41 42 16 17 29
41 -129.29095458984375 0.0000023672711849212646 86.2026138305664 2 40 15
42 -148.14199829101562 0.000002207155704498291 47.107521057128906 3 40 17 35