85
193.802200317 -3.928205490 -171.520111084
184.418609619 -3.928205490 -185.312606812
162.237091064 -3.928205490 -194.108184814
129.434936523 -3.928205490 -199.165649414
91.165740967 -3.928205490 -200.550125122
51.074211121 -3.928205490 -201.228240967
20.185634613 -3.928205490 -202.957412720
-7.111738205 -3.928205490 -201.126525879
-50.142395020 -3.928205490 -205.602050781
-69.671958923 -3.928205490 -207.432937622
-95.914802551 -3.928205490 -208.856979370
-120.937049866 -3.928205490 -209.467269897
-144.738693237 -3.928205490 -208.246673584
-169.964385986 -3.928205490 -209.874145508
220.133377075 -3.928205490 -180.728530884
203.927429199 -3.928205490 -200.763595581
152.865768433 -3.928205490 -211.748977661
179.718917847 -3.928205490 -209.918075562
117.061584473 -3.928205490 -212.359268188
73.852432251 -3.928205490 -212.359268188
35.769790649 -3.928205490 -214.068099976
-2.312850952 -3.928205490 -215.532821655
-40.151374817 -3.928205490 -217.485778809
-64.563323975 -3.928205490 -219.682861328
-104.843032837 -3.928205490 -219.682861328
-175.701171875 -3.928205490 -222.649719238
-216.859710693 -3.928205490 -218.743820190
-203.530792236 -3.928205490 -224.358566284
-230.532730103 -3.928190231 66.518737793
-223.255645752 -3.928205490 -203.901351929
-192.875534058 -3.928205490 -203.030654907
-226.624526978 -3.928205490 -176.608779907
-206.804016113 -3.928205490 -19.882377625
-187.529525757 -3.928190231 69.381820679
-203.294876099 -3.928205490 40.859603882
-203.282836914 -3.928205490 -57.396720886
-203.655853271 -3.928205490 -104.144653320
-227.863067627 -3.928205490 -139.483856201
-207.620346069 -3.928205490 -154.868789673
-228.064697266 -3.928205490 -103.254486084
-228.610671997 -3.928205490 -14.628569603
-233.798858643 -3.928190231 165.083328247
-205.388107300 -3.928205490 11.892240524
-173.614700317 -3.928190231 99.571281433
-161.164596558 -3.928190231 126.668571472
-143.832092285 -3.928190231 148.151092529
-234.775344849 -3.928190231 140.671356201
-233.798873901 -3.928190231 103.321052551
-204.748626709 -3.928190231 206.095428467
-228.916458130 -3.928190231 187.542327881
-140.545150757 -3.928190231 210.977828979
-100.021286011 -3.928190231 206.583663940
-177.163101196 -3.928190231 211.954299927
-62.276596069 -3.928190231 171.703750610
-101.296684265 -3.928190231 169.946090698
-19.741184235 -3.928190231 174.867538452
30.035789490 -3.928190231 178.945312500
75.594375610 -3.928190231 183.585540771
114.403541565 -3.928190231 188.225769043
153.634552002 -3.928190231 191.600479126
183.163269043 -3.928190231 191.178634644
-59.595069885 -3.928190231 207.989791870
-16.005065918 -3.928190231 206.583663940
21.960426331 -3.928190231 210.098983765
58.168251038 -3.928190231 213.965835571
90.509223938 -3.928190231 218.184219360
130.876846313 -3.928190231 219.883285522
166.030090332 -3.928190231 221.640945435
197.960937500 -3.928190231 220.762115479
217.881103516 -3.928190231 211.387924194
224.032913208 -3.928190231 177.406463623
198.396331787 -3.928190231 172.430236816
201.911651611 -3.928190231 137.569946289
228.720016479 -3.928190231 138.152023315
201.032821655 -3.928190231 101.244941711
228.427078247 -3.928190231 97.432868958
227.255310059 -3.928190231 58.178421021
199.861053467 -3.928190231 58.475173950
224.911758423 -3.928190231 19.802801132
200.446945190 -3.928190231 13.654794693
196.638671875 -3.928190231 -41.125663757
197.224563599 -3.928190231 -92.976684570
227.548248291 -3.928190231 -75.989768982
226.962356567 -3.928190231 -118.466590881
228.427078247 -3.928190231 -158.306930542
85
33 34 28
33 28 47
43 33 47
47 46 43
30 27 26
46 41 44
46 44 43
49 48 41
45 48 52
54 45 50
41 48 44
50 45 52
48 45 44
30 26 29
30 29 31
38 30 31
38 31 37
36 38 37
36 37 39
35 36 39
35 39 40
32 35 40
42 32 40
42 40 28
34 42 28
30 25 27
30 13 25
12 11 24
25 13 12
25 12 24
11 10 24
9 8 23
10 23 24
21 7 6
10 9 23
19 4 18
22 8 7
8 22 23
20 6 5
17 16 2
2 1 17
21 22 7
18 4 3
19 20 5
16 3 2
20 21 6
15 17 1
4 19 5
18 3 16
1 0 15
77 75 76
84 14 0
81 83 0
0 14 15
82 83 81
82 81 80
78 82 80
78 80 79
78 79 77
76 78 77
83 84 0
74 75 77
74 73 75
72 73 74
71 70 72
50 51 54
60 69 71
70 73 72
68 69 60
69 70 71
56 63 64
53 51 61
51 53 54
56 55 62
55 53 61
56 62 63
59 67 60
64 65 57
62 55 61
58 65 66
59 58 66
59 66 67
67 68 60
57 56 64
65 58 57
